1828.322000 3.257700
1846.319000 1.349400
1848.233000 0.408700
1848.278000 0.181900
1853.814000 3.966900
1859.331000 1.503700
1859.811000 0.692700
1862.294000 1.385900
1864.867000 4.126700
1866.458000 2.176600
1870.553000 3.709800
1877.317000 4.042700
1879.122000 1.019700
1882.531000 0.700600
1884.458000 0.883400
1894.569000 1.098200
1904.106000 3.412900
1909.519000 0.692700
1911.747000 1.385900
1912.797000 2.796900
1913.500000 2.492800
1914.581000 7.447100
1918.894000 0.854000
1918.922000 0.973900
1919.122000 2.995300
1919.294000 0.788100
1919.347000 2.302200
1919.836000 2.079000
1931.969000 2.484500
1932.458000 2.919100
1935.758000 1.385900
1937.519000 5.297900
1939.364000 1.722400
1939.669000 8.109400
1939.917000 3.412700
1948.375000 0.469600
1950.483000 5.203700
1965.103000 5.319100
1965.597000 0.344700
1967.431000 1.365700
1968.036000 1.019600
1969.183000 0.070600
1970.231000 0.265800
1971.925000 0.808100
1973.767000 1.060100
1977.564000 0.741500
1977.733000 0.469600
1979.131000 1.434700
1980.728000 5.521100
1986.875000 0.469600
1990.589000 2.115000
1992.269000 0.046500
1993.100000 1.029200
1998.350000 3.177700
1999.233000 0.023200
2003.219000 0.360500
2022.145000 1.609000
